0.9336465061655908	0.8697079094191011	0.9386068476977566	0.9462032849321589
0.37731371618414816	0.3609370743666576	0.36751958948755276	0.36927793390157243
0.868377935554341	1.0324675324675325	0.831242158092848	0.8853499638064484
0.38409508165040085	0.39237944820097714	0.5612424991175436	0.5387273836145562
0.8409583752049511	0.8499492168706907	0.7975121633144397	0.8036797412050146
0.6189419595936005	0.552908856973954	0.5960413855150696	0.37422331011109067
1	1	1	1
0.3674601340420613	0.3810482421453736	0.5893254262416607	0.5230091115423839
0.36038077969174975	0.37219972377630556	0.3565262237370229	0.3619312103070724
1	1	1	1


-1.9567821491493356	-2.4189366590094687	8.836540731995358	-5.420495120209429
2.636995728523809	2.7409425224731647	2.214894944872412	2.724992451865686
-0.03096668487027082	10.999090909090597	5.911072772898688	3.2225068210920718
2.2935549328442058	4.242880410641321	3.471655488880094	1.526529782475364
4.521975987728702	0.1720746244712791	7.762953302905396	1.4519308532139472
2.0794114212305965	1.8837500434680907	1.784637876743511	3.151736961022684
0	0	0	0
4.164432632309335	7.9564310877846545	2.4464788732388656	1.7315548830620735
3.5319356300996363	2.282988834008398	2.691974796510072	2.8365846441009914
0	0	0	0


1.12550435337	0.997428015808	0.829983817926	1.22283235661	1.25814032617	1.22790352849

-2.52176682948	-3.76557305062	-12.3828887613	-12.9810807069	-4.09470077625	-10.5160438338

1	1	1	1	1	1

0	0	0	0	0	0

0.939938519745	1.35253536582	1.11837940494	1.13070686958	0.905054644809	0.911801812134

20.1842043036	-5.40184761435	12.0327073222	-0.221447873702	16.9284494536	34.077474481

1	1	1	1	1	1	1	1
1	1	1	1	1	1	1	1
1	1	1	1	1	1	1	1
1	1	1	1	1	1	1	1
1	1	1	1	1	1	1	1
1	1	1	1	1	1	1	1

0	0	0	0	0	0	0	0
0	0	0	0	0	0	0	0
0	0	0	0	0	0	0	0
0	0	0	0	0	0	0	0
0	0	0	0	0	0	0	0
0	0	0	0	0	0	0	0


1	1	1	1	1	1	1	1	1	1	1	1	1	1	1	1

0	0	0	0	0	0	0	0	0	0	0	0	0	0	0	0

1	1	1	1	1	1	1	1	1	1	1	1	1	1	1	1

0	0	0	0	0	0	0	0	0	0	0	0	0	0	0	0

0	0	0	0
0	0	0	0
0	0	0	0
0	0	0	0
0	0	0	0
0	0	0	0
0	0	0	0
0	0	0	0
0	0	0	0
0	0	0	0

0	0	0	0	0	0

0	0	0	0	0	0

0	0	0	0	0	0


0	0	0	0	0	0	0	0
0	0	0	0	0	0	0	0
0	0	0	0	0	0	0	0
0	0	0	0	0	0	0	0
0	0	0	0	0	0	0	0
0	0	0	0	0	0	0	0


0	0	0	0	0	0	0	0	0	0	0	0	0	0	0	0


0	0	0	0	0	0	0	0	0	0	0	0	0	0	0	0
