0.933646506166	0.869945833561	0.938606847698	0.946203284932
0.377313716184	0.360937074367	0.367519589488	0.369277933902
0.868377935554	1.03246753247	0.831242158093	0.885349963806
0.38409508165	0.392379448201	0.561242499118	0.538727383615
0.840958375205	0.849949216871	0.797512163314	0.803679741205
0.618941959594	0.552908856974	0.596041385515	0.374223310111
1	1	1	1
0.367460134042	0.381048242145	0.589325426242	0.523009111542
0.360380779692	0.372199723776	0.356526223737	0.361931210307
1	1	1	1

-1.95678214915	-2.74049351644	8.836540732	-5.42049512021
2.63699572852	2.74094252247	2.21489494487	2.72499245187
-0.0309666848703	10.9990909091	5.9110727729	3.22250682109
2.29355493284	4.24288041064	3.47165548888	1.52652978248
4.52197598773	0.172074624471	7.76295330291	1.45193085321
2.07941142123	1.88375004347	1.78463787674	3.15173696102
0	0	0	0
4.16443263231	7.95643108778	2.44647887324	1.73155488306
3.5319356301	2.28298883401	2.69197479651	2.8365846441
0	0	0	0


1.12678052583	0.996677740864	0.830243851496	1.22256908669	1.25837930243	1.22617064594

-3.8659202041	-2.70099667774	-12.7625711451	-12.6792870654	-4.60015986957	-8.46201184527

1	1	1	1	1	1

0	0	0	0	0	0

0.926627425841	1.33796713145	1.11704369819	1.1283798169	0.905518537502	0.920884976254

39.5122676147	9.0234522918	13.6873682732	2.39621034703	19.1882795148	19.7573265377

1	1	1	1	1	1	1	1
1	1	1	1	1	1	1	1
1	1	1	1	1	1	1	1
1	1	1	1	1	1	1	1
1	1	1	1	1	1	1	1
1	1	1	1	1	1	1	1

0	0	0	0	0	0	0	0
0	0	0	0	0	0	0	0
0	0	0	0	0	0	0	0
0	0	0	0	0	0	0	0
0	0	0	0	0	0	0	0
0	0	0	0	0	0	0	0


1	1	1	1	1	1	1	1	1	1	1	1	1	1	1	1

0	0	0	0	0	0	0	0	0	0	0	0	0	0	0	0

1	1	1	1	1	1	1	1	1	1	1	1	1	1	1	1

0	0	0	0	0	0	0	0	0	0	0	0	0	0	0	0

0	0	0	0
0	0	0	0
0	0	0	0
0	0	0	0
0	0	0	0
0	0	0	0
0	0	0	0
0	0	0	0
0	0	0	0
0	0	0	0


0	0	0	0	0	0

0	0	0	0	0	0

0	0	0	0	0	0


0	0	0	0	0	0	0	0
0	0	0	0	0	0	0	0
0	0	0	0	0	0	0	0
0	0	0	0	0	0	0	0
0	0	0	0	0	0	0	0
0	0	0	0	0	0	0	0


0	0	0	0	0	0	0	0	0	0	0	0	0	0	0	0


0	0	0	0	0	0	0	0	0	0	0	0	0	0	0	0
