0.933646506166	0.869945833561	0.938606847698	0.946203284932
0.377313716184	0.360937074367	0.367519589488	0.369277933902
0.868377935554	1.03246753247	0.831242158093	0.885349963806
0.38409508165	0.392379448201	0.561242499118	0.538727383615
0.840958375205	0.849949216871	0.797512163314	0.803679741205
0.618941959594	0.552908856974	0.596041385515	0.374223310111
1	1	1	1
0.367460134042	0.381048242145	0.589325426242	0.523009111542
0.360380779692	0.372199723776	0.356526223737	0.361931210307
1	1	1	1

-1.95678214915	-2.74049351644	8.836540732	-5.42049512021
2.63699572852	2.74094252247	2.21489494487	2.72499245187
-0.0309666848703	10.9990909091	5.9110727729	3.22250682109
2.29355493284	4.24288041064	3.47165548888	1.52652978248
4.52197598773	0.172074624471	7.76295330291	1.45193085321
2.07941142123	1.88375004347	1.78463787674	3.15173696102
0	0	0	0
4.16443263231	7.95643108778	2.44647887324	1.73155488306
3.5319356301	2.28298883401	2.69197479651	2.8365846441
0	0	0	0


1.12550435337	0.997428015808	0.829983817926	1.22283235661	1.25814032617	1.22790352849

-2.52176682948	-3.76557305062	-12.3828887613	-12.9810807069	-4.09470077625	-10.5160438338

1	1	1	1	1	1

0	0	0	0	0	0

0.939938519745	1.35253536582	1.11837940494	1.13070686958	0.905054644809	0.911801812134

20.1842043036	-5.40184761435	12.0327073222	-0.221447873702	16.9284494536	34.077474481

1	1	1	1	1	1	1	1
1	1	1	1	1	1	1	1
1	1	1	1	1	1	1	1
1	1	1	1	1	1	1	1
1	1	1	1	1	1	1	1
1	1	1	1	1	1	1	1

0	0	0	0	0	0	0	0
0	0	0	0	0	0	0	0
0	0	0	0	0	0	0	0
0	0	0	0	0	0	0	0
0	0	0	0	0	0	0	0
0	0	0	0	0	0	0	0


1	1	1	1	1	1	1	1	1	1	1	1	1	1	1	1

0	0	0	0	0	0	0	0	0	0	0	0	0	0	0	0

1	1	1	1	1	1	1	1	1	1	1	1	1	1	1	1

0	0	0	0	0	0	0	0	0	0	0	0	0	0	0	0

0	0	0	0
0	0	0	0
0	0	0	0
0	0	0	0
0	0	0	0
0	0	0	0
0	0	0	0
0	0	0	0
0	0	0	0
0	0	0	0

0	0	0	0	0	0

0	0	0	0	0	0

0	0	0	0	0	0


0	0	0	0	0	0	0	0
0	0	0	0	0	0	0	0
0	0	0	0	0	0	0	0
0	0	0	0	0	0	0	0
0	0	0	0	0	0	0	0
0	0	0	0	0	0	0	0


0	0	0	0	0	0	0	0	0	0	0	0	0	0	0	0


0	0	0	0	0	0	0	0	0	0	0	0	0	0	0	0
