0.9319218732236806	0.8679940813753358	0.9450868626984453	0.9428333035041566
0.3783427904208335	0.3619304817745846	0.36837706619864724	0.370272362901822
0.8682522872821251	1.0425892844943159	0.835065347228846	0.8886197758474373
0.385025779662575	0.3937610022526833	0.5622495442368741	0.5393186585884931
0.8443839700548857	0.8492680023349607	0.8017967516516681	0.8050631032700705
0.6202338343528154	0.5538234114340137	0.5970405972858702	0.37543068747844205
1	1	1	1
0.3688048357742902	0.38352996315475224	0.5907472433718022	0.5237773795183212
0.36153537395061813	0.37306874075694146	0.35742448926563986	0.36285336792705464
1	1	1	1

-0.33643342554830724	-0.11720689857838809	-0.26857620065220544	0.8803637320869484
0.7030040379407866	0.5865230124411484	0.5694189490537838	0.5567088667004328
-0.44824131186157945	1.060577256177453	-0.41015665702138915	1.2739739315331917
0.7055095403123914	0.17196500555246527	-1.2603029750285941	-0.2623742625332853
0.5048577607926746	-1.2413972886629383	-1.1885090076668803	0.7506543551313598
0.5678836745696572	-0.08227158201623297	0.3502448246953236	0.916359685725183
0	0	0	0
0.5610026223230306	0.17536543780977354	0.42259596042640635	0.1248743595974702
0.44426994299954004	0.5878018631534587	0.28299413907313925	0.36008722272231355
0	0	0	0


1.12550435337	0.997428015808	0.829983817926	1.22283235661	1.25814032617	1.22790352849

-2.52176682948	-3.76557305062	-12.3828887613	-12.9810807069	-4.09470077625	-10.5160438338

1	1	1	1	1	1

0	0	0	0	0	0

0.939938519745	1.35253536582	1.11837940494	1.13070686958	0.905054644809	0.911801812134

20.1842043036	-5.40184761435	12.0327073222	-0.221447873702	16.9284494536	34.077474481

1	1	1	1	1	1	1	1
1	1	1	1	1	1	1	1
1	1	1	1	1	1	1	1
1	1	1	1	1	1	1	1
1	1	1	1	1	1	1	1
1	1	1	1	1	1	1	1

0	0	0	0	0	0	0	0
0	0	0	0	0	0	0	0
0	0	0	0	0	0	0	0
0	0	0	0	0	0	0	0
0	0	0	0	0	0	0	0
0	0	0	0	0	0	0	0


1	1	1	1	1	1	1	1	1	1	1	1	1	1	1	1

0	0	0	0	0	0	0	0	0	0	0	0	0	0	0	0

1	1	1	1	1	1	1	1	1	1	1	1	1	1	1	1

0	0	0	0	0	0	0	0	0	0	0	0	0	0	0	0

0	0	0	0
0	0	0	0
0	0	0	0
0	0	0	0
0	0	0	0
0	0	0	0
0	0	0	0
0	0	0	0
0	0	0	0
0	0	0	0

0	0	0	0	0	0

0	0	0	0	0	0

0	0	0	0	0	0


0	0	0	0	0	0	0	0
0	0	0	0	0	0	0	0
0	0	0	0	0	0	0	0
0	0	0	0	0	0	0	0
0	0	0	0	0	0	0	0
0	0	0	0	0	0	0	0


0	0	0	0	0	0	0	0	0	0	0	0	0	0	0	0


0	0	0	0	0	0	0	0	0	0	0	0	0	0	0	0
