0.9319218732236806	0.8679940813753358	0.9450868626984453	0.9428333035041566
0.3783427904208335	0.3619304817745846	0.36837706619864724	0.370272362901822
0.8682522872821251	1.0425892844943159	0.835065347228846	0.8886197758474373
0.385025779662575	0.3937610022526833	0.5622495442368741	0.5393186585884931
0.8443839700548857	0.8492680023349607	0.8017967516516681	0.8050631032700705
0.6202338343528154	0.5538234114340137	0.5970405972858702	0.37543068747844205
1	1	1	1
0.3688048357742902	0.38352996315475224	0.5907472433718022	0.5237773795183212
0.36153537395061813	0.37306874075694146	0.35742448926563986	0.36285336792705464
1	1	1	1

-0.33643342554830724	-0.11720689857838809	-0.26857620065220544	0.8803637320869484
0.7030040379407866	0.5865230124411484	0.5694189490537838	0.5567088667004328
-0.44824131186157945	1.060577256177453	-0.41015665702138915	1.2739739315331917
0.7055095403123914	0.17196500555246527	-1.2603029750285941	-0.2623742625332853
0.5048577607926746	-1.2413972886629383	-1.1885090076668803	0.7506543551313598
0.5678836745696572	-0.08227158201623297	0.3502448246953236	0.916359685725183
0	0	0	0
0.5610026223230306	0.17536543780977354	0.42259596042640635	0.1248743595974702
0.44426994299954004	0.5878018631534587	0.28299413907313925	0.36008722272231355
0	0	0	0


1.12550435337	0.997428015808	0.829983817926	1.22283235661	1.25814032617	1.22790352849

-2.52176682948	-3.76557305062	-12.3828887613	-12.9810807069	-4.09470077625	-10.5160438338

1	1	1	1	1	1

0	0	0	0	0	0

0.939938519745	1.35253536582	1.11837940494	1.13070686958	0.905054644809	0.911801812134

20.1842043036	-5.40184761435	12.0327073222	-0.221447873702	16.9284494536	34.077474481

2.0503342730780934	2.170217816489636	2.044740453480558	2.0233785419447705	2.0382606186621164	2.030019810855631	2.0219787714021042	2.013065452135196
2.040758028460339	2.035509193994128	2.0424693798056452	2.0252726359358424	2.045699177311002	2.051760515888501	2.038281974862487	2.04197796110584
1	2.9210626338614176	2.0174540538247188	2.763953362375004	2.047316867863063	2.704009095342898	2.0636106416819904	2.6592092944989503
2.07967810525513	2.6942672428203855	2.021150002311547	2.7251150796772956	2.0066372471286043	2.6236083765204894	2.029583710381906	2.6975215950317772
2.044339491550431	2.6617213055618474	2.0287598629080454	2.7271430678854234	2.0596672802882727	2.78305626298235	2.007311983943927	2.594510615947874
2.0258166011261016	2.7212109419575414	2.039087911841913	2.731830477097104	2.00408562112262	2.7603960294247964	1	2.6798349328908566

138.46813268183163	192.0041647355366	138.9405791419283	144.98684990511893	142.07075908308198	142.61567839182774	144.14027807459968	147.60610430967117
147.94358461150878	149.50528688438095	151.687528363849	155.60033429311082	154.41121823922794	156.5664730710536	148.84791466637674	152.52320645738928
0	250.08534286434394	203.67045933352443	223.97992567354098	200.79208550250684	225.0598862390929	198.7547626985106	211.6175767185373
192.55295059606533	211.20074507681542	190.50175211638	204.66393904442847	197.73626533325478	197.63983156687684	179.29839120376027	193.54093103913638
177.73970765855302	188.22499823985814	180.03436345466255	188.154060527659	169.76732413128912	184.94773220627332	177.83796333625557	171.18883938697684
160.0168359313402	167.81188704363996	160.7300786154324	166.82981642670651	153.38718878751115	165.91852147948416	0	165.41276731083747


2.496271149850232	2.5283889915620157	2.54873622452507	2.546433351577084	2.546881129996612	2.500740669197718	2.5389010579033835	2.482322405911104	2.500983669715117	2.5430271948012533	2.5350754636403607	2.493574037796546	2.502597402070417	2.5788805592177044	2.5436340300663436	2.556784377564469

176.20495302641262	173.0066030580334	171.53029872941045	168.45814632826765	164.3080273335891	164.90950370687895	156.81304475477606	159.87456431405852	159.55088880943526	159.8086572002757	174.87243664616733	170.08801563039617	170.99165219952346	178.2311727841108	174.51208136075266	168.2080048162094

1.2258535614185058	1.2242221568339453	1.1946022991803056	1.2341299684066196	1.2122592203756368	1.2224477339365818	1.242566379485279	1.2051857337039986	1.1843922908570748	1.1973368906502475	1.2128615452565563	1.2473694457338569	1.2503370583354017	1.189342579452803	1.2225392411519125	1.235319759252225

131.6608824780128	128.3730081217359	143.79939822522329	134.56014456675393	137.64176598108045	140.4335379096797	125.48937665917586	133.6141323782526	122.08073782246584	121.28831502787489	115.06096908165455	121.28487575909779	115.516815689261	114.98186095679196	119.43555470967522	113.95463271059543

0	0	0	0
0	0	0	0
0	0	0	0
0	0	0	0
0	0	0	0
0	0	0	0
0	0	0	0
0	0	0	0
0	0	0	0
0	0	0	0

0	0	0	0	0	0

0	0	0	0	0	0

0	0	0	0	0	0


0	0	0	0	0	0	0	0
0	0	0	0	0	0	0	0
0	0	0	0	0	0	0	0
0	0	0	0	0	0	0	0
0	0	0	0	0	0	0	0
0	0	0	0	0	0	0	0


0	0	0	0	0	0	0	0	0	0	0	0	0	0	0	0


0	0	0	0	0	0	0	0	0	0	0	0	0	0	0	0
