 1.1288 1.0005 0.83224 1.2267 1. 1. 1.272 1.2316
 1. 1. 1. 1. 1. 1. 1. 1.
 

 -6.06377 -7.45535 -15.6923 -16.8415 0. 0. -19.0618 -12.8109
 0. 0. 0. 0. 0. 0. 0. 0.


0.935238	0.871413	0.940110	0.947829
0.377941	0.361544	0.368131	0.369896
0.869883	1.03423		0.832649	0.886849
0.384777	0.393373	0.562221	0.539646
0.842373	0.851401	0.798879	0.805037
0.619991	0.553827	0.597107	0.374848
0			0			0			0
0.368088	0.381693	0.590317	0.52389
0.360982	0.372826	0.357121	0.362547

-3.74099	-4.50121	7.200131	-7.22639
0.917885	1.00005		0.495712	0.991179
-1.84624	9.24433		4.15321		1.46356
0.430622	1.37154		1.646		-0.254482
2.77926		-1.61145	5.98487		-0.304747
0.320077	0.164171	-0.0991685	1.42379
0			0			0			0
2.38943		6.21012		0.700062	-0.0196675
1.80732		0.534815	0.962749	1.06327


1. 1. 1. 1. 1. 1. 1. 1.
1. 1. 1. 1. 1. 1. 1. 1.
1. 1. 1. 1. 1. 1. 1. 1.
1. 1. 1. 1. 1. 1. 1. 1.
1. 1. 1. 1. 1. 1. 1. 1.
1. 1. 1. 1. 1. 1. 1. 1.

0. 0. 0. 0. 0. 0. 0. 0.
0. 0. 0. 0. 0. 0. 0. 0.
0. 0. 0. 0. 0. 0. 0. 0.
0. 0. 0. 0. 0. 0. 0. 0.
0. 0. 0. 0. 0. 0. 0. 0.
0. 0. 0. 0. 0. 0. 0. 0.


1. 1. 1. 1. 1. 1. 1. 1.
1. 1. 1. 1. 1. 1. 1. 1.

0. 0. 0. 0. 0. 0. 0. 0.
0. 0. 0. 0. 0. 0. 0. 0.


1. 1. 1. 1. 1. 1. 1. 1.
1. 1. 1. 1. 1. 1. 1. 1.

0. 0. 0. 0. 0. 0. 0. 0.
0. 0. 0. 0. 0. 0. 0. 0.