1	1	1	1
1	1	1	1
1	1	1	1
1	1	1	1
1	1	1	1
1	1	1	1
1	1	1	1
1	1	1	1
1	1	1	1
1	1	1	1

0	0	0	0
0	0	0	0
0	0	0	0
0	0	0	0
0	0	0	0
0	0	0	0
0	0	0	0
0	0	0	0
0	0	0	0
0	0	0	0


1	1

0	0

1	1	1	1	1	1

0	0	0	0	0	0

1	1	1	1	1	1

0	0	0	0	0	0

1.92744638522	1.94749993514	1.96970684589	1.9629552620	1.96605592292	1.92945003258	1.95557899648	1.91839759059
1.9286694251	1.96076775993	1.95804989672	1.92743144023	1.93962260179	1.98830503789	1.96915199800	1.96965334445
0.800896571678	0.487099501418	0.814150974546	0.490928142697	0.784970551647	0.486158935709	0.783503807659	0.483423988004
0.757375708366	0.496961119321	0.806021529207	0.500804844907	0.793005735327	0.494395656889	0.77439214479	0.47089264504
0.801067535052	0.488226660695	0.842021701101	0.484125537629	0.709889781601	0.485499958055	0.69229420563	0.482375757873
0.82271646062	0.475156564812	0.748419018422	0.500327250274	0.764656020831	0.512041915151	0.790298575693	0.479945040747

149.327294032	152.580881931	149.867455993	154.16012002	149.954158204	147.95796958	142.17295049	142.709080851
144.246508167	138.973374246	140.363640468	140.385937986	129.557129459	143.062851372	131.801565474	146.500427294
173.565397307	175.731732592	172.716760891	172.491752385	167.251144819	170.602215561	165.835452191	168.599277919
737.864135469	163.915648047	158.067411423	167.314894707	158.333057699	160.045352892	152.835502093	628.848345497
153.310294679	156.822162623	150.767058434	149.621599273	911.732799344	151.400395741	149.591292357	144.038564396
144.481138223	568.551815758	371.417307599	144.995204431	373.123665719	141.484046146	138.653722372	137.009020692


1.92744638522	1.94749993514	1.96970684589	1.96295526200	1.96605592292	1.92945003258	1.95557899648	1.91839759059
1.92866942510	1.96076775993	1.95804989672	1.92743144023	1.93962260179	1.98830503789	1.96915199800	1.96965334445

149.327294032	152.580881931	149.867455993	154.160120020	149.954158204	147.957969580	142.172950490	142.709080851
144.246508167	138.973374246	140.363640468	140.385937986	129.557129459	143.062851372	131.801565474	146.500427294


2.71185596591	2.77444486785	2.7212270898 	2.69128936778	2.71962254892	2.74162376399	2.75803326366	2.71911276403
2.7880329599	2.75374065208	2.73251871636	2.69361141339	2.78490497062	2.70462555204	2.75669077904	2.74493030682

143.674174063	150.124886446	150.286646252	147.998651892	153.907183610	171.815558362	159.058541061	158.243823384
158.349829867	155.633017400	168.706496987	165.206755975	166.710546253	166.904345054	156.500918683	163.624161882

0	0	0	0
0	0	0	0
0	0	0	0
0	0	0	0
0	0	0	0
0	0	0	0
0	0	0	0
0	0	0	0
0	0	0	0
0	0	0	0

0	0

0	0	0	0	0	0

0	0	0	0	0	0


0	0	0	0	0	0	0	0
0	0	0	0	0	0	0	0
0	0	0	0	0	0	0	0
0	0	0	0	0	0	0	0
0	0	0	0	0	0	0	0
0	0	0	0	0	0	0	0


0	0	0	0	0	0	0	0	0	0	0	0	0	0	0	0


0	0	0	0	0	0	0	0	0	0	0	0	0	0	0	0