0.9319218732236806	0.8679940813753358	0.9450868626984453	0.9428333035041566
0.3783427904208335	0.3619304817745846	0.36837706619864724	0.370272362901822
0.8682522872821251	1.0425892844943159	0.835065347228846	0.8886197758474373
0.385025779662575	0.3937610022526833	0.5622495442368741	0.5393186585884931
0.8443839700548857	0.8492680023349607	0.8017967516516681	0.8050631032700705
0.6202338343528154	0.5538234114340137	0.5970405972858702	0.37543068747844205
1	1	1	1
0.3688048357742902	0.38352996315475224	0.5907472433718022	0.5237773795183212
0.36153537395061813	0.37306874075694146	0.35742448926563986	0.36285336792705464
1	1	1	1

-0.33643342554830724	-0.11720689857838809	-0.26857620065220544	0.8803637320869484
0.7030040379407866	0.5865230124411484	0.5694189490537838	0.5567088667004328
-0.44824131186157945	1.060577256177453	-0.41015665702138915	1.2739739315331917
0.7055095403123914	0.17196500555246527	-1.2603029750285941	-0.2623742625332853
0.5048577607926746	-1.2413972886629383	-1.1885090076668803	0.7506543551313598
0.5678836745696572	-0.08227158201623297	0.3502448246953236	0.916359685725183
0	0	0	0
0.5610026223230306	0.17536543780977354	0.42259596042640635	0.1248743595974702
0.44426994299954004	0.5878018631534587	0.28299413907313925	0.36008722272231355
0	0	0	0


1.12550435337	0.997428015808	0.829983817926	1.22283235661	1.25814032617	1.22790352849

-2.52176682948	-3.76557305062	-12.3828887613	-12.9810807069	-4.09470077625	-10.5160438338

1	1	1	1	1	1

0	0	0	0	0	0

0.939938519745	1.35253536582	1.11837940494	1.13070686958	0.905054644809	0.911801812134

20.1842043036	-5.40184761435	12.0327073222	-0.221447873702	16.9284494536	34.077474481

2.049084949076809	2.1403780794177356	2.0439726282248993	2.0223517794693535	2.0388689528020065	2.0293758070879795	2.020868497233733	2.011698699756095
2.044068132693007	2.0349077851262165	2.0419925428704992	2.0254627191520567	2.0451793788135175	2.0515371388894392	1	1
1	2.9413845700716537	1	2.7618830984613267	1	2.7004266098974288	1	2.656629140881771
1	2.6923390755737167	1	2.723048373162201	1	2.6211406263423216	1	2.6950991674596625
1	2.6612097713000975	1	2.725838880679129	1	2.779552626406438	1	2.5932201191424413
1	2.7180550020461824	1	2.7305899419494586	1	2.7595012112036468	1	2.679268144930701

145.22553423350567	202.5551655018071	144.99089320836086	150.69103707847395	144.94321590514116	149.40232375699452	150.96296880379535	154.91518618930513
155.6024134749255	156.32094571966581	158.6125983075658	160.95436494379692	162.07830345352386	164.26406216850637	0	0
0	236.97278017718463	0	242.15711415484975	0	246.47427715796135	0	231.24857986969528
0	228.2803297680626	0	221.33641270912085	0	212.59370481436645	0	211.95629162050182
0	202.98216376584338	0	201.77443554650836	0	201.495289720674	0	183.47091604152777
0	183.0997625404375	0	177.5740931592336	0	177.08553826037996	0	174.16352808124566


2.498490161501929	2.5280185288687833	2.548469395530886	2.547817492847644	2.5467712272508947	2.502961978453752	2.5388737555143304	2.4828326625432613	2.502837532655686	2.54248058739775	2.530892778038189	2.4918423695846945	2.499696692391431	2.5740334861979104	2.5391207019089626	2.5561253014817518

178.41614391700475	183.1937340929635	167.63509702868308	169.03548519299102	159.8001705038519	159.2778511440438	159.55746610051665	157.99631709183632	162.72762077161406	165.32699133371673	205.582170104748	184.53674266032388	188.62026714774674	207.68577181029826	200.75882442821512	181.13479228624283

1.2258535614185058	1.2242221568339453	1.1946022991803056	1.2341299684066196	1.2122592203756368	1.2224477339365818	1.242566379485279	1.2051857337039986	1.1843922908570748	1.1973368906502475	1.2128615452565563	1.2473694457338569	1.2503370583354017	1.189342579452803	1.2225392411519125	1.235319759252225

131.6608824780128	128.3730081217359	143.79939822522329	134.56014456675393	137.64176598108045	140.4335379096797	125.48937665917586	133.6141323782526	122.08073782246584	121.28831502787489	115.06096908165455	121.28487575909779	115.516815689261	114.98186095679196	119.43555470967522	113.95463271059543

0	0	0	0
0	0	0	0
0	0	0	0
0	0	0	0
0	0	0	0
0	0	0	0
0	0	0	0
0	0	0	0
0	0	0	0
0	0	0	0

0	0	0	0	0	0

0	0	0	0	0	0

0	0	0	0	0	0


0	0	0	0	0	0	0	0
0	0	0	0	0	0	0	0
0	0	0	0	0	0	0	0
0	0	0	0	0	0	0	0
0	0	0	0	0	0	0	0
0	0	0	0	0	0	0	0


0	0	0	0	0	0	0	0	0	0	0	0	0	0	0	0


0	0	0	0	0	0	0	0	0	0	0	0	0	0	0	0
