0
1172.98
2048.68
2301.84
2336.52
2890.63
3058.76
3157.96
3176.7
3257.62
3262
3269.97
3277.69
3369.98
3378
3462
3486
3518.23
3522.54
3524.4
3756.5
3849.4
3859.6
3967
3972.9
4000.5
4011
4018.88
4035
4055.3
4062.4
4146
4151.4
4154.2
4161.26
4179
4201
4208.8
4230
4317.2
4393
4407
4415.9
4424
4437
4455
4503
4623
4627.5
4648.9
4655
4704
4712
4719.9
4781
4835
4847
4861
4863.3
4882
4949
4967
4981
4994
4999.7
5016
5041
5071
5121
5148
5154
5203
5222
5233
5280
5286
5310
5331
5355
5393
5420
5447
5465
5488
5511
5530
5541
5545
5565
5574
5587
5601
5628
5673
5679
5709
5739
5751.2
5772
5806.1
5808
5834
5846
5859
5870
5888
5901
5912
5930
5961
5979
5993
6023
6026
6047
6059
6073
6103
6126
6133
6143
6160
6170
6253
6313
6354
6398
6454
6520
6540
6647
6680
6750
6900
7030
7080
7170
7260
7559.4
7620
7645.6
7700
7800
8130
8460
10596.1
10597.1
10598.9
10599
10602
10602.2
10602.8
10603.2
10604.1
10605.7
10608.2
10608.9
10609.2
10609.5
10609.9
10612.1
10613.3
10614.3
10616.8
10616.9
10619.9
10623.5
10624.3
10624.4
10625.8
10626.3
10627
10627.9
10628.8
10629.8
10632.2
10632.2
10632.5
10636.4
10638.6
10640.4
10640.4
10641.1
10641.6
10645.3
10645.6
10646.2
10646.4
10647.3
10648.1
10649.6
10651.3
10652.8
10653
10654.1
10655.5
10655.6
10658
10658.4
10658.7
10660.4
10663
10664.3
10664.3
10665.3
10667.5
10671.8
10671.8
10673.4
10673.5
10674.9
10677.3
10677.6
10678.4
10681.1
10682.8
10688.3
10690.6
10690.9
10691.2
10692.2
10692.5
10695.7
10698.7
10699.2
10700
10702.2
10703.3
10703.5
10704
10704.7
10706.2
10708.4
10711.2
10712.1
10712.8
10714.3
10715
10716.6
10719.2
10720.7
10721.1
10721.8
10723.8
10724.4
10724.8
10729.7
10730.7
10731.7
10734.2
10735.4
10736.1
10736.8
10738.6
10740.7
10741.2
10742.7
10746.3
10747.1
10748
10748.5
10749.7
10752.3
10753.1
10754.9
10757.8
10759.7
10760.6
10763.7
10766.1
10767
10769.8
10772.4
10774.7
10776.5
10778.3
10781.5
10786.5
10787.8
10790.9
10793.3
10796
10798.5
10799.1
10800.6
10802.2
10803
10804.6
10805.9
10807.1
10810.3
10812.4
10817.1
10819.2
10822.7
10824.3
10824.4
10827.8
10828.5
10832.2
10832.3
10845.6
10849.8
10851.4
10855.3
10858.7
10868.7
10876.1
10878.9
10882.5
10884.4
10885.7
10888.2
10891.2
10970
11010