0
1345.75
2276.56
2485
2610.1
2867.3
2972.08
3025.83
3166.1
3275.98
3395.7
3463.61
3482
3560.4
3647.98
3749
3749.4
3797
3808
3848.9
3965
4085.2
4137
4172.3
4174
4216
4244
4263
4285
4348
4369
4398
4412
4455
4475
4493
4521
4531.7
4548
4573.14
4584
4615.6
4640.67
4670
4692
4704.08
4721
4741
4762
4801
4868.52
4889
4925
4962
4991
5010
5027
5065
5093
5107
5123
5155.51
5169
5188
5215
5229
5264
5287
5332
5354
5370
5386
5408
5418.21
5441
5484
5507
5536
5567
5614
5663
5734
5768.66
5812.1
5817
5843
5870
5902
5976
6018
6030
6060
6116
6182
6220
6452
6512
6622
6656
6687
6754
6822
6838
6861
7020
7130
7220
7300
7730
7950
8240