0
87.15
155.55
517.55
1001.1
1068.99
1251.1
1291.83
1324.04
1451.7
1657
1677
1787
1899
2149
2183.5
2261.7
2297
2353.1
2519
2573
2675
2696.6
2814.5
2822
2953
2980
3013
3022
3075
3104
3179
3237
3254
3284.1
3292
3336
3427
3471
3522
3551
3594
3608
3632.6
3680
3694
3723
3739.7
3769
3780
3792
3804
3836
3889
3932
3951
4022
4033
4055.8
4074
4106
4267
4313
4331
4358
4387
4449
4461
4488
4555
4586
4622
4692
4722
4799
4812
4828
4876
4919
4957
5026
5060
5093
5123
5142
5178
5240
5370
5450
5600
5710
5860
5930
6000
6070
6160
6280
6320
6440
6500
11850